Analyzed version of hadoop-ozone:
d45819f7eb79590ddd445cadb87bd21b8eae336c
-----------------------------
───────────────────────────────────────────────────────────────────────────────
Language                 Files     Lines   Blanks  Comments     Code Complexity
───────────────────────────────────────────────────────────────────────────────
Java                      2502    401878    49512     98871   253495      15335
YAML                       172     25757      182      2639    22936          0
Markdown                   145     13356     3416         0     9940          0
XML                        115     14598      505      1965    12128          0
Shell                      101      7880     1120      2954     3806        572
Robot Framework             76      4464      635         0     3829          0
Plain Text                  48      9264     2280         0     6984          0
HTML                        33      2165      213       559     1393          0
TypeScript                  26      2588      187       469     1932        120
Properties File             23      1054      118       616      320          0
JavaScript                  19      3752      680       448     2624        646
Python                      19      2277      265       421     1591        131
Protocol Buffers            14      5248      785      1561     2902          0
CSS                         12      8728      137       154     8437          0
LESS                        12       549       51       206      292          0
Batch                       10       467       52         0      415         22
C++                          7      1786      286       163     1337        224
JSON                         7      3313        0         0     3313          0
C Header                     6       515      112       114      289          1
BASH                         4       512       64       102      346         25
Dockerfile                   4       179       27        75       77         24
SVG                          4      1009        0        27      982          0
gitignore                    4       130       16        37       77          0
C                            3       222       10        57      155         24
CMake                        1       115       16        32       67          0
Extensible Styleshe…         1       189       18         0      171          0
License                      1     21218     5505         0    15713          0
TOML                         1         2        1         0        1          0
TypeScript Typings           1        18        0        18        0          0
───────────────────────────────────────────────────────────────────────────────
Total                     3371    533233    66193    111488   355552      17124
───────────────────────────────────────────────────────────────────────────────
Estimated Cost to Develop $12,883,789
Estimated Schedule Effort 36.327091 months
Estimated People Required 31.508585
───────────────────────────────────────────────────────────────────────────────
Processed 21200507 bytes, 21.201 megabytes (SI)
───────────────────────────────────────────────────────────────────────────────

